	    36 53 51.79217 S	174 32 09.33548 E
       	36 53 51.79217 S	174 32 09.33548 E
       	36 53 51.79217 S	174 32 09.33548 E
       	36 53 51.79217 S	174 32 09.33548 E
       	36 53 51.79217 S	174 32 09.33548 E
       	36 53 51.79217 S	174 32 09.33548 E
       	36 53 51.79217 S	174 32 09.33548 E
       	36 53 51.79217 S	174 32 09.33548 E
       	36 53 51.79217 S	174 32 09.33548 E
       	36 53 51.79217 S	174 32 09.33548 E
       	36 53 51.79217 S	174 32 09.33548 E
       	36 53 51.79217 S	174 32 09.33548 E
       	36 53 51.79217 S	174 32 09.33548 E
       	36 53 51.79217 S	174 32 09.33548 E
       	36 53 51.79217 S	174 32 09.33548 E
       	36 53 51.79217 S	174 32 09.33548 E
       	36 53 51.79217 S	174 32 09.33548 E
       	36 53 51.79217 S	174 32 09.33548 E
       	36 53 51.79217 S	174 32 09.33548 E
       	36 53 51.79217 S	174 32 09.33548 E
       	36 53 51.79217 S	174 32 09.33548 E
       	36 53 51.79217 S	174 32 09.33548 E
       	36 53 51.79217 S	174 32 09.33548 E
       	36 53 51.79217 S	174 32 09.33548 E
       	36 53 51.79217 S	174 32 09.33548 E
       	36 53 51.79217 S	174 32 09.33548 E
       	36 53 51.79217 S	174 32 09.33548 E
       	36 53 51.79217 S	174 32 09.33548 E
       	36 53 51.79217 S	174 32 09.33548 E
       	36 53 51.79217 S	174 32 09.33548 E
       	36 53 51.79217 S	174 32 09.33548 E
       	36 53 51.79217 S	174 32 09.33548 E
       	36 53 51.79217 S	174 32 09.33548 E
       	36 53 51.79217 S	174 32 09.33548 E
       	36 53 51.79217 S	174 32 09.33548 E
       	36 53 51.79217 S	174 32 09.33548 E
       	36 53 51.79217 S	174 32 09.33548 E
       	36 53 51.79217 S	174 32 09.33548 E
       	36 53 51.79217 S	174 32 09.33548 E
       	36 53 51.79217 S	174 32 09.33548 E
       	36 53 51.79217 S	174 32 09.33548 E
       	36 53 51.79217 S	174 32 09.33548 E
       	36 53 51.79217 S	174 32 09.33548 E
       	36 53 51.79217 S	174 32 09.33548 E
       	36 53 51.79217 S	174 32 09.33548 E
       	36 53 51.79217 S	174 32 09.33548 E
       	36 53 51.79217 S	174 32 09.33548 E
       	36 53 51.79217 S	174 32 09.33548 E
       	36 53 51.79217 S	174 32 09.33548 E
       	36 53 51.79217 S	174 32 09.33548 E
       	36 53 51.79217 S	174 32 09.33548 E
       	36 53 51.79217 S	174 32 09.33548 E
       	36 53 51.79217 S	174 32 09.33548 E
       	36 53 51.79217 S	174 32 09.33548 E
       	36 53 51.79217 S	174 32 09.33548 E

